2.809110599308890510e+00 2.738414295199823822e+00 2.247117530433154986e+00 4.268734100314675040e-01 4.796572380178757977e-01 1.885519640511927331e-01 1.560345334709240417e+00 -1.500000000000000000e+00 7.566732452208047022e-01
2.286231854028553112e+00 2.595329340205622337e+00 2.348194794739352886e+00 2.937297563229167019e-01 4.455582727897453577e-01 -3.079170229779552015e-01 -2.089634986432009345e-01 -1.090532752354387513e+00 -7.001103583159906663e-02
3.286231854028553112e+00 2.331989344589228352e+00 2.261254232220654359e+00 0.000000000000000000e+00 3.087393656861950886e-01 0.000000000000000000e+00 -6.664411191532443324e-01 -3.000000000000000000e+00 -8.128118712240643973e-01
2.140103818350314935e+00 2.604506876597196818e+00 2.367531923672034910e+00 1.828508884569694237e-01 4.290663858182535151e-01 4.998535869634559980e-01 -2.465456453832050587e-01 -7.793223519332612703e-01 7.012324170504276033e-01
3.286231854028553112e+00 2.441133814014296188e+00 2.132877966313432516e+00 0.000000000000000000e+00 3.834348467865562604e-01 0.000000000000000000e+00 1.739551023291861176e+00 -3.000000000000000000e+00 1.119915142947371045e+00
2.508080603644909257e+00 2.997499560724725232e+00 2.457555677947247386e+00 3.484834988051453974e-01 2.873376453083935078e-01 -9.027753149460689963e-01 -1.135271965728044341e+00 -5.332769761356077609e-01 -3.637064770602238539e-02
2.286231854028553112e+00 2.642269536113526662e+00 2.415381173011711624e+00 3.004520435505199094e-01 5.169310377964286829e-01 6.894969386925132726e-01 1.209932230138196091e-01 -6.349388461998373145e-02 -3.874761388021878972e-01
2.441133814014296188e+00 2.670533916934239915e+00 2.542076966265724991e+00 1.867912569996376115e-01 5.165840703951112278e-01 -8.817437013794510170e-01 3.979179732288003479e-01 -9.604363602817023171e-01 -1.531989854463954748e+00
2.508080603644909257e+00 2.910353103178002332e+00 2.145431664780482528e+00 3.902787582601605076e-01 4.029178311336018004e-01 -2.227368179603266274e-01 3.564515849461911690e-01 -1.668918332519027325e+00 -5.240153662767270681e-01
2.985201858364571859e+00 2.340184552683312713e+00 2.105145456727544939e+00 1.678960509615965435e-01 3.133101874655733754e-01 0.000000000000000000e+00 -1.209651314640951131e-01 -2.000000000000000000e+00 -5.183918407475061052e-01
3.286231854028553112e+00 2.441133814014296188e+00 2.298146078624994981e+00 0.000000000000000000e+00 2.778203471993456186e-01 0.000000000000000000e+00 8.180316168720205283e-01 -3.000000000000000000e+00 -7.818510792379314012e-01
3.286231854028553112e+00 2.684171862700590605e+00 2.411815423895919519e+00 0.000000000000000000e+00 2.871944091930442866e-01 0.000000000000000000e+00 5.723034453231286012e-01 -3.000000000000000000e+00 -1.500000000000000222e+00
2.441133814014296188e+00 2.915132541753479689e+00 2.322835160725746917e+00 4.886219422544455515e-01 3.718052292656683910e-01 -9.559311426239756049e-01 3.132717815741298817e-01 -5.099340463180652705e-01 1.194124332744683770e-01
3.286231854028553112e+00 2.587261849692534366e+00 2.075610747925660693e+00 0.000000000000000000e+00 3.848843316304615403e-01 0.000000000000000000e+00 -8.966015074447085675e-01 -3.000000000000000000e+00 -8.550490765576950203e-01
2.110140594972871764e+00 2.802682605583926012e+00 2.293247748526735741e+00 1.065998897822798969e-01 4.840380685910370406e-01 5.459744601895690774e-01 1.023332801306328366e-01 -7.719517149259065292e-01 2.828577575611639361e-01
2.244839168870327750e+00 2.399678887065368915e+00 2.460054217312636293e+00 1.806812015123167858e-01 3.455935217073223820e-01 -1.395458587532540040e+00 -6.921157029077585898e-01 1.147604543001473409e+00 1.464305835828502822e+00
2.508080603644909257e+00 2.561917985206601411e+00 2.476812656243589039e+00 4.710977787775650905e-01 3.436615871049386595e-01 2.140912185230986198e-01 -1.131403081947101805e-02 -1.348760463873618809e+00 2.364584412566390625e-01
2.441133814014296188e+00 2.639611957258575448e+00 2.186688626818584336e+00 2.464497764297984284e-01 4.871115574006575355e-01 2.698071565113681625e-01 2.855964593568667831e-01 -1.219236562344724550e+00 3.351267113838827250e-01
2.985201858364571859e+00 2.570549971949059653e+00 2.561806643696721508e+00 2.385606273598310789e-01 5.265312496148145671e-01 -2.874858471283327813e-15 -1.062810171633257056e-01 -2.000000000000000000e+00 -1.602678656920142330e+00
1.924504018010960049e+00 2.731617101084661936e+00 2.526774033483903725e+00 3.400065677533610220e-01 2.965114868000096049e-01 -2.847228492787809428e-01 2.314788404985229642e-01 -2.222253211149389784e-01 1.160206332640258964e+00
2.587261849692534366e+00 2.506486817710654513e+00 2.419016538459594745e+00 2.987595708833732377e-01 2.980017059185181560e-01 -1.082225554666350176e+00 -2.944851289448333631e-01 -2.469484994553776680e-01 2.594494436569525497e-01
3.286231854028553112e+00 2.684171862700590605e+00 2.566777689996803336e+00 0.000000000000000000e+00 2.966066234862561601e-01 0.000000000000000000e+00 6.913662381403050672e-01 -3.000000000000000000e+00 -1.500000000000001776e+00
2.508080603644909257e+00 2.799544632980099035e+00 2.534657261801469108e+00 3.012849016222147180e-01 3.537764446609362179e-01 -1.357375698412701670e+00 -2.577540244236239952e-02 2.309697673140962415e-01 4.322543270744043653e-01
2.207050607980928003e+00 2.878668833035368024e+00 2.266070416707251844e+00 3.320366223922904259e-01 4.906527842620601598e-01 -1.544642253276439503e-01 3.108872083479482518e-01 -9.747434508305521383e-01 3.372779244592338799e-02
3.286231854028553112e+00 2.383141867036609352e+00 1.911862320107321933e+00 0.000000000000000000e+00 3.461499603584705653e-01 0.000000000000000000e+00 -5.692131500028737578e-01 -3.000000000000000000e+00 -1.337713287754262570e+00
2.985201858364571859e+00 2.985201858364571859e+00 2.985201858364571859e+00 0.000000000000000000e+00 0.000000000000000000e+00 0.000000000000000000e+00 0.000000000000000000e+00 -3.000000000000000000e+00 -3.000000000000000000e+00
3.286231854028553112e+00 2.985201858364571859e+00 2.985201858364571859e+00 0.000000000000000000e+00 0.000000000000000000e+00 0.000000000000000000e+00 0.000000000000000000e+00 -3.000000000000000000e+00 -3.000000000000000000e+00
3.286231854028553112e+00 2.809110599308890510e+00 2.171007393339416058e+00 0.000000000000000000e+00 1.152244606891370537e-01 0.000000000000000000e+00 0.000000000000000000e+00 -3.000000000000000000e+00 -2.000000000000000000e+00
3.286231854028553112e+00 2.207050607980928003e+00 2.955733331590833846e+00 0.000000000000000000e+00 5.011808357886731180e-01 0.000000000000000000e+00 -1.113566043023553442e+00 -3.000000000000000000e+00 -4.895611334550906690e-01
2.985201858364571859e+00 2.131416770315603504e+00 2.849892453273406900e+00 7.563383766532449926e-02 4.172792846215404028e-01 0.000000000000000000e+00 -2.839629187798892174e-01 -2.000000000000000000e+00 -1.054751991141607448e+00
2.286231854028553112e+00 2.615864893172445527e+00 2.330758205540667483e+00 2.413665968078191892e-01 5.455758468566097585e-01 -3.788613340528601547e-01 2.582752852497824381e-01 -8.313113805013578883e-01 -6.323483641578548919e-01
2.140103818350314935e+00 2.699343562688435672e+00 2.553341262417098356e+00 1.738682118476873595e-01 4.788496131251586130e-01 -7.165152700188693879e-01 4.239073222341099845e-01 -2.916957662108998761e-01 -1.316291293818489638e+00
2.441133814014296188e+00 2.596254155145455655e+00 2.345392650739396512e+00 3.879164649628496497e-01 3.995349296774658443e-01 -6.973871298982805556e-01 -1.168432259131677031e-01 -1.113482833711801678e+00 -5.413731605247695811e-02
2.809110599308890510e+00 2.671199174023800804e+00 2.301428839159836315e+00 2.299081193762739228e-01 5.672734802474882487e-01 4.989727041919166384e-01 -3.152775769335827705e-01 -1.499999999999999778e+00 -1.189192458985866452e+00
2.082111871372628098e+00 2.657976280966717120e+00 2.067055362471216018e+00 7.031015599961358553e-02 4.892561646881209980e-01 -2.393765002145988419e+00 2.970273685184641743e-01 3.962354277868303853e+00 -5.192127927542542487e-01
2.082111871372628098e+00 2.657976280966717120e+00 2.067055362471216018e+00 7.031015599961358553e-02 4.892561646881209980e-01 -2.393765002145988419e+00 2.970273685184641743e-01 3.962354277868303853e+00 -5.192127927542542487e-01
3.286231854028553112e+00 3.286231854028553112e+00 0.000000000000000000e+00 0.000000000000000000e+00 0.000000000000000000e+00 0.000000000000000000e+00 0.000000000000000000e+00 -3.000000000000000000e+00 -3.000000000000000000e+00
2.055782932650279005e+00 2.694932491146825093e+00 2.070346479811509877e+00 1.628032751270141465e-01 4.892578227072725272e-01 2.506250687863333049e+00 2.768489523018465848e-01 7.685454770656901857e+00 -5.269670210519969977e-01
2.286231854028553112e+00 2.513622408564221367e+00 2.533000192276750884e+00 3.416778609846790049e-01 4.616258516877423945e-01 7.138997929942485499e-01 4.502951779440998031e-02 4.823263787287834781e-01 -5.021397361046409102e-01
3.286231854028553112e+00 2.587261849692534366e+00 2.625368684907006145e+00 0.000000000000000000e+00 5.293477872350174085e-01 0.000000000000000000e+00 2.994355478942834284e-02 -3.000000000000000000e+00 -1.737785055066566775e+00
3.286231854028553112e+00 2.684171862700590605e+00 2.398645910134694859e+00 0.000000000000000000e+00 3.375952093413175370e-01 0.000000000000000000e+00 -6.636567004694526872e-01 -3.000000000000000000e+00 -1.500000000000000888e+00
2.985201858364571859e+00 2.445611235340759304e+00 2.448373061587991728e+00 6.246936830414995256e-02 4.650113574957969731e-01 0.000000000000000000e+00 -6.202341448741218732e-01 -2.000000000000000000e+00 -2.815936503975113858e-01
2.331989344589228352e+00 2.641476178299321020e+00 2.456366658025947558e+00 1.448974498943300659e-01 3.856434129555115775e-01 -1.580546388480792708e-01 8.484843851374184176e-01 -1.507026947816324292e+00 2.843467893579187944e-02
2.587261849692534366e+00 2.543298855456046059e+00 2.361148221494740351e+00 1.317746320384026171e-01 3.807315884200024869e-01 -3.436215967445536146e-01 -9.299325816021144497e-01 -1.153061224489794201e+00 1.665286921655138030e-01
3.286231854028553112e+00 2.684171862700590605e+00 2.338487594662549629e+00 0.000000000000000000e+00 6.880936886628885585e-01 0.000000000000000000e+00 5.469264340213637610e-01 -3.000000000000000000e+00 -1.499999999999999334e+00
3.286231854028553112e+00 2.055782932650279005e+00 2.634271618768616818e+00 0.000000000000000000e+00 3.351414968611547418e-01 0.000000000000000000e+00 1.690472869140429990e-01 -3.000000000000000000e+00 4.024071688125525625e-01
3.286231854028553112e+00 2.055782932650279005e+00 2.634271618768616818e+00 0.000000000000000000e+00 3.351414968611547418e-01 0.000000000000000000e+00 1.690472869140429990e-01 -3.000000000000000000e+00 4.024071688125525625e-01
3.286231854028553112e+00 2.055782932650279005e+00 2.634271618768616818e+00 0.000000000000000000e+00 3.351414968611547418e-01 0.000000000000000000e+00 1.690472869140429990e-01 -3.000000000000000000e+00 4.024071688125525625e-01
2.684171862700590605e+00 2.561550558631179975e+00 2.397412760503287998e+00 4.935842720269520423e-01 2.843470362095995019e-01 2.798119253339254597e-01 -5.006623464861895689e-01 -1.212311218568006721e+00 3.807216453935269307e-01
2.508080603644909257e+00 2.216080437493856525e+00 2.408272611469352231e+00 2.284985812129931015e-01 4.548175038414442040e-01 1.116061495681136995e+00 2.016669118628491020e-01 2.911043029945914462e-01 -4.954287601228828386e-01
2.684171862700590605e+00 2.326330921660843654e+00 2.315016292424573852e+00 1.271967146578041330e-01 5.663669046564494547e-01 3.392864985829393554e-01 4.770117619353382299e-01 -1.561228406239782540e+00 -1.056519212156955323e+00
2.985201858364571859e+00 2.587261849692534366e+00 3.069682634050681980e+00 0.000000000000000000e+00 2.231604288457792185e-01 0.000000000000000000e+00 -1.469007391714385602e-01 -3.000000000000000000e+00 -1.857036344405164296e+00
3.286231854028553112e+00 2.587261849692534366e+00 3.210974355112557799e+00 0.000000000000000000e+00 1.303498117730635952e-01 0.000000000000000000e+00 -1.154700538379251240e+00 -3.000000000000000000e+00 -6.666666666666669627e-01
3.286231854028553112e+00 2.587261849692534366e+00 3.210974355112557799e+00 0.000000000000000000e+00 1.303498117730635952e-01 0.000000000000000000e+00 -1.154700538379251240e+00 -3.000000000000000000e+00 -6.666666666666669627e-01
3.286231854028553112e+00 2.587261849692534366e+00 3.210974355112557799e+00 0.000000000000000000e+00 1.303498117730635952e-01 0.000000000000000000e+00 -1.154700538379251240e+00 -3.000000000000000000e+00 -6.666666666666669627e-01
3.286231854028553112e+00 3.286231854028553112e+00 0.000000000000000000e+00 0.000000000000000000e+00 0.000000000000000000e+00 0.000000000000000000e+00 0.000000000000000000e+00 -3.000000000000000000e+00 -3.000000000000000000e+00
3.286231854028553112e+00 2.286231854028553112e+00 2.225172640095947951e+00 0.000000000000000000e+00 5.541301266310297846e-01 0.000000000000000000e+00 6.943116773731188296e-01 -3.000000000000000000e+00 -6.119259420159068874e-01
2.809110599308890510e+00 2.752211856919231980e+00 2.093106284744731926e+00 1.694326675219980927e-01 5.475362036548091504e-01 5.376039437336472826e-01 1.190005375681306043e+00 -1.499999999999996225e+00 5.439960217546371268e-01
2.508080603644909257e+00 2.445422984483931028e+00 2.474127566580035520e+00 3.327079950252453400e-01 3.189262486193258916e-01 2.688152774266415121e-02 6.191450322397052015e-03 -8.600631089970809384e-01 6.658916588397238989e-01
3.286231854028553112e+00 2.809110599308890510e+00 2.184171862700590605e+00 0.000000000000000000e+00 1.020599913279625071e-01 0.000000000000000000e+00 0.000000000000000000e+00 -3.000000000000000000e+00 -2.000000000000000000e+00
2.587261849692534366e+00 2.604583860966183106e+00 2.334963882728439799e+00 2.481624939350965398e-01 5.031200015640231449e-01 1.704550920444326545e-01 -5.478972863082354205e-01 -1.220587723345356812e+00 -2.923318920020090417e-01
2.140103818350314935e+00 2.656724637014060253e+00 2.139647469101949362e+00 1.179639258723165912e-01 4.407797218864842326e-01 -5.613202238467941418e-01 -1.178849819905746221e-01 -6.193672971724715204e-01 -1.044111095363814634e+00
2.244839168870327750e+00 2.635332897262411489e+00 1.994788424825620909e+00 1.122153431592328443e-01 3.831781792645179707e-01 -6.848561618420021535e-01 2.446966486949647135e-01 -6.731235132457791259e-01 -2.470065319999843467e-01
3.286231854028553112e+00 2.441133814014296188e+00 2.120925948544535977e+00 0.000000000000000000e+00 2.300088325907880538e-01 0.000000000000000000e+00 -8.969588429612627145e-01 -3.000000000000000000e+00 -2.711929403554775853e-01
2.985201858364571859e+00 2.684171862700590605e+00 2.884858526476577811e+00 0.000000000000000000e+00 1.419069008497054196e-01 0.000000000000000000e+00 -7.071067811865413555e-01 -3.000000000000000000e+00 -1.500000000000005773e+00
2.985201858364571859e+00 2.684171862700590605e+00 2.884858526476577811e+00 0.000000000000000000e+00 1.419069008497054196e-01 0.000000000000000000e+00 -7.071067811865413555e-01 -3.000000000000000000e+00 -1.500000000000005773e+00
1.871258506057735138e+00 2.502024100008152008e+00 2.501640115076750881e+00 2.041358535383783757e-01 5.324954162498046761e-01 6.009884125385690501e-01 2.293432707641858762e-02 4.034120646528771559e-01 -1.130450895450494597e+00
3.286231854028553112e+00 2.286231854028553112e+00 2.107537075986898323e+00 0.000000000000000000e+00 4.225155226307890088e-01 0.000000000000000000e+00 -7.771170348886433654e-01 -3.000000000000000000e+00 -1.022227150168245391e+00
2.985201858364571859e+00 2.834686860532581232e+00 2.561007906822133418e+00 4.515449934959718803e-01 5.290424803764454120e-01 0.000000000000000000e+00 -1.163498215973941763e+00 -2.000000000000000000e+00 1.267045282223202562e-01
2.140103818350314935e+00 2.835037212300659526e+00 2.370442468396696700e+00 3.049150188832292496e-01 4.606035269079321037e-01 7.157118480423591000e-02 -6.407173670567145596e-01 -9.818308238256663323e-01 2.932875779713004505e-01
3.286231854028553112e+00 2.207050607980928003e+00 2.955733331590833846e+00 0.000000000000000000e+00 5.011808357886731180e-01 0.000000000000000000e+00 -1.113566043023553442e+00 -3.000000000000000000e+00 -4.895611334550906690e-01
2.587261849692534366e+00 2.329188672676158145e+00 2.314518658915601712e+00 2.425633199954992936e-01 4.043294651463573697e-01 -1.639647799262243244e-01 -1.440443929229684103e-02 -7.962625475548525955e-01 6.455688152256109369e-01
2.331989344589228352e+00 3.099427272097932118e+00 2.685881718833167398e+00 1.751372028473121845e-01 3.693117104487588231e-01 -9.008637616172805729e-02 7.811868722299895040e-01 -1.505393603327870755e+00 -9.952205045237860759e-01
2.508080603644909257e+00 2.582013640407576194e+00 2.346573992778895779e+00 3.883210944053218094e-01 3.865974364350212023e-01 5.901765745934096641e-01 -1.356819869485990537e+00 -6.611115406308978315e-01 8.215288502833844042e-01
2.684171862700590605e+00 3.016436542516646835e+00 2.809110599308890954e+00 1.715552154766447901e-01 4.771212547196623799e-01 5.280975311923987725e-01 -1.405486363738513545e-15 -9.369991247700411030e-01 -2.000000000000000000e+00
2.331989344589228352e+00 2.807955128720387883e+00 2.529019622924656652e+00 2.606635973090820624e-01 4.444160963194137559e-01 2.330015595077810642e-01 9.462535427749838024e-02 -9.762325658555681684e-01 -5.350759647386817974e-01
3.286231854028553112e+00 2.508080603644909257e+00 2.567220836076692159e+00 0.000000000000000000e+00 6.436787785720237132e-01 0.000000000000000000e+00 -6.368148838994909522e-02 -3.000000000000000000e+00 -1.569229373582666343e+00
3.286231854028553112e+00 2.508080603644909257e+00 2.567220836076692159e+00 0.000000000000000000e+00 6.436787785720237132e-01 0.000000000000000000e+00 -6.368148838994909522e-02 -3.000000000000000000e+00 -1.569229373582666343e+00
2.441133814014296188e+00 2.712561141381907515e+00 2.102969282873090151e+00 1.015561331223358149e-01 4.325371581753663097e-01 -8.072119740903542784e-01 -7.437661238750489234e-01 -2.993476543143849256e-01 -9.930610924588609834e-01
1.809110599308890510e+00 2.807210433659029114e+00 2.342739641591395916e+00 3.480196523549018983e-01 3.598733244220804206e-01 -3.118168344241248335e-01 -1.929889791548334566e-01 -7.616162953289036253e-01 -5.436787819404842459e-01
3.286231854028553112e+00 2.286231854028553112e+00 2.752971792978155641e+00 0.000000000000000000e+00 4.274798182246841716e-01 0.000000000000000000e+00 2.199107488017589818e-01 -3.000000000000000000e+00 -1.728848082510526352e+00
3.286231854028553112e+00 3.286231854028553112e+00 0.000000000000000000e+00 0.000000000000000000e+00 0.000000000000000000e+00 0.000000000000000000e+00 0.000000000000000000e+00 -3.000000000000000000e+00 -3.000000000000000000e+00
2.007478253075724250e+00 2.680923074417701724e+00 2.387176448061648859e+00 2.107478636039942788e-01 4.620132131605387271e-01 -6.376589138121661060e-01 -2.048143929524347817e-01 -6.059154724098658740e-01 -1.519707124085272198e-01
2.809110599308890510e+00 2.845492089117246604e+00 2.165313713926681594e+00 3.459676130405766603e-01 1.456815118580592761e-01 1.565751060698567232e-01 -1.597026308143559392e+00 -1.500000000000000000e+00 1.705026834972266592e+00
2.809110599308890510e+00 2.297674530288517314e+00 2.308842632000044137e+00 2.517088084376210011e-01 3.619784737217431880e-01 -6.697762387982585386e-01 4.013216084354553348e-01 -1.500000000000000666e+00 4.897270678577427816e-01
3.286231854028553112e+00 2.508080603644909257e+00 2.320603032567795765e+00 0.000000000000000000e+00 4.908556366854331388e-01 0.000000000000000000e+00 1.385606710763670035e+00 -3.000000000000000000e+00 8.031035954860943349e-02
1.434973505309477648e+00 2.860887647862142558e+00 2.500238915093808245e+00 3.835125488094099366e-01 4.001842558308890130e-01 -2.647893689938060624e-01 -1.748960332162484144e-01 -1.344328451314183770e+00 1.300200861669158492e-01
2.172288501721716170e+00 2.614209671766107412e+00 2.434442852356605069e+00 3.814231266033695222e-01 4.158597749050086945e-01 3.367591471010490389e-01 2.708822196609387833e-01 -5.400925834540584169e-01 -5.703896039461757717e-01
2.684171862700590605e+00 2.780934529261068544e+00 2.257347707589724806e+00 3.198018567152131064e-01 3.207661822570210819e-01 6.308875893058061290e-01 -1.043803390441511575e-01 -1.089576923742648695e+00 -7.732917446473051015e-01
3.286231854028553112e+00 2.172288501721716170e+00 2.415140461721651199e+00 0.000000000000000000e+00 2.901879892515505377e-01 0.000000000000000000e+00 -5.365445861778659342e-01 -3.000000000000000000e+00 9.322067772310416167e-01
2.587261849692534366e+00 2.326115929714727137e+00 2.262031487426262366e+00 1.456747156977829250e-01 3.873319581036694381e-01 8.075283015971651546e-01 3.151151242855252527e-02 -5.965656535416412609e-01 -4.638801724861432163e-01
3.286231854028553112e+00 2.441133814014296188e+00 2.518645100122308467e+00 0.000000000000000000e+00 3.877314537176844156e-01 0.000000000000000000e+00 1.012411740783673908e+00 -3.000000000000000000e+00 -1.359726035694364121e-01
2.684171862700590605e+00 2.530934529261068544e+00 2.287037308097421118e+00 6.109829054253254621e-02 2.811789309469983622e-01 -4.150712880167317098e-01 -4.732493703828113407e-01 -1.467264246231580582e+00 -1.079379818048069595e-01
2.508080603644909257e+00 2.372893528807413777e+00 2.491769968213891850e+00 3.869884542064804811e-01 3.950829568675220393e-01 2.764368231898557959e-01 3.244160826548119214e-01 -1.367347511663130399e+00 2.055167441788574578e-02
2.508080603644909257e+00 2.281281541829367931e+00 2.379743690898822983e+00 3.355071325842541308e-01 4.311145374075112113e-01 1.323934986084506660e+00 2.380185499741381827e-01 4.246070856195811594e-01 -2.570332089880742465e-01
2.985201858364571859e+00 2.261622842693462143e+00 2.239516079968270734e+00 1.795109713208340452e-01 3.862684171004160949e-01 0.000000000000000000e+00 7.746084920122262574e-01 -2.000000000000000000e+00 3.920081212368979884e-01
3.286231854028553112e+00 2.286231854028553112e+00 2.752971792978155641e+00 0.000000000000000000e+00 4.274798182246841716e-01 0.000000000000000000e+00 2.199107488017589818e-01 -3.000000000000000000e+00 -1.728848082510526352e+00
2.684171862700590605e+00 2.647156228836731184e+00 2.191469180047186160e+00 1.123929951564394264e-01 5.238597381722589486e-01 2.454250388573762931e-01 -6.655507687447324017e-01 -1.312937761703288464e+00 -1.278245281792117050e+00
2.587261849692534366e+00 2.541507886925460369e+00 2.400910711854034929e+00 1.371100924334577587e-01 3.768407396523466013e-01 1.324209253282726984e+00 4.005903972791934886e-01 1.841268793248262980e-02 3.831987542186015006e-01
2.587261849692534366e+00 2.541507886925460369e+00 2.400910711854034929e+00 1.371100924334577587e-01 3.768407396523466013e-01 1.324209253282726984e+00 4.005903972791934886e-01 1.841268793248262980e-02 3.831987542186015006e-01
2.985201858364571859e+00 2.897156228836731184e+00 2.078482090562586038e+00 8.804562952784067420e-02 2.663196541386878002e-01 0.000000000000000000e+00 4.824155967648151577e-01 -2.000000000000000000e+00 -1.499999999999999778e+00
3.286231854028553112e+00 2.508080603644909257e+00 2.857006246892905388e+00 0.000000000000000000e+00 5.277189337256775747e-01 0.000000000000000000e+00 -4.316263441229019060e-01 -3.000000000000000000e+00 -1.782529291412172201e+00
1.823833856129597031e+00 2.716413247944579279e+00 2.495412033381138261e+00 4.219632754730577306e-01 4.565926591654851929e-01 8.429107465614742861e-03 -7.525622810794700690e-02 -1.273266651661746574e+00 -2.432700876590225825e-01
2.331989344589228352e+00 2.696844017609276722e+00 2.240397799895564201e+00 2.458194994823008073e-01 4.809514643793459387e-01 -1.544516896616108248e-01 8.134433832174552126e-02 -1.325873869603344302e+00 1.020180033204804992e-01
2.684171862700590605e+00 2.669145021425513686e+00 2.148925947212465104e+00 2.363580486139579828e-01 5.709621866208072216e-01 2.007945274487037690e-01 2.160734158022106222e-01 -1.736914728403847530e+00 -5.622757774827715771e-01
2.809110599308890510e+00 2.644805425341258953e+00 2.268853925469106247e+00 1.527831053524584259e-01 4.002009658067925968e-01 -3.693872094124887040e-01 1.633781081665651724e+00 -1.500000000000001332e+00 1.873045129753526439e+00
3.286231854028553112e+00 2.331989344589228352e+00 2.474629823622780389e+00 0.000000000000000000e+00 1.744214380614792781e-01 0.000000000000000000e+00 2.909448837826796863e-01 -3.000000000000000000e+00 -4.153893123112575303e-01
2.809110599308890510e+00 2.619565187361886149e+00 2.129831118622515174e+00 4.568381824191539847e-02 4.764235377962948159e-01 7.071067811865670016e-01 -3.799790658056158288e-02 -1.499999999999981792e+00 -1.198008386429844974e+00
1.361952567966671523e+00 2.728468574526136337e+00 2.343894120926551139e+00 2.199686597533530019e-01 3.454084991876393285e-01 -2.378945131318771222e-01 1.914766733084938555e-01 -6.259820440851404655e-01 1.349170438803505512e+00
2.207050607980928003e+00 2.796812896948738025e+00 2.379557287984067404e+00 2.565743232254533157e-01 4.010111197250554871e-01 -3.676158656898165233e-02 -8.928178576544870682e-01 -6.286757382468675104e-01 -2.702871592992828198e-01
3.286231854028553112e+00 2.508080603644909257e+00 2.857006246892905388e+00 0.000000000000000000e+00 5.277189337256775747e-01 0.000000000000000000e+00 -4.316263441229019060e-01 -3.000000000000000000e+00 -1.782529291412172201e+00
2.508080603644909257e+00 2.540160882852217750e+00 2.446829521211633995e+00 3.259096787491063130e-01 3.709623448172187921e-01 -1.701160892829716442e-01 -5.792317891368973237e-01 -1.415987131242765651e+00 7.798048857980059978e-01
1.985201858364571637e+00 2.429525399057196999e+00 2.566043516724760387e+00 1.418705645706871410e-01 5.427745689037791754e-01 -4.851837193573163010e-01 -1.287496212558073838e-01 -1.226080524813634387e+00 -1.157126579002841993e+00
2.587261849692534366e+00 2.397673208840599646e+00 2.220649815782722136e+00 1.575195811476290952e-01 4.522439956477096179e-01 9.395556952478989476e-01 1.005933794212965637e-01 -5.767660065703998917e-01 1.581664645666642777e-01
2.383141867036609352e+00 2.712516071996773803e+00 2.486418438767283856e+00 1.818120750544247044e-01 4.534950488695703719e-01 -7.098903660851284547e-01 2.341047065617506417e-01 8.930605454725570880e-02 -2.978223560649757573e-01
2.383141867036609352e+00 2.778550294142653865e+00 2.270211541878246919e+00 2.945982616580833935e-01 3.906729876659337242e-01 -1.512817766891646709e+00 -3.331206589284876340e-01 1.047403197676459286e+00 -5.323901258580505669e-01
2.508080603644909257e+00 2.618988432010302514e+00 2.402350061324595831e+00 2.072105813996339141e-01 4.000734024577831116e-01 3.815974894663569650e-01 2.836942929814505465e-01 -6.667466527092424933e-01 3.865430133680645142e-01
2.140103818350314935e+00 2.652755948346029236e+00 2.545205758312254041e+00 2.298647014858584414e-01 5.013764543786598527e-01 2.740136189091496241e-02 -5.396941785570671946e-02 -1.007285311339839673e+00 -8.532787494517175553e-01
2.055782932650279005e+00 2.886707634079554996e+00 2.523662598476590357e+00 2.125240295714258265e-01 4.088489553216883010e-01 6.823956519179615043e-02 9.105727963469081310e-01 -1.778750771438590839e-01 -4.751965477950927941e-01
2.244839168870327750e+00 2.821625444777882574e+00 2.445214430133821004e+00 1.746564942660602249e-01 4.285048746970792632e-01 -6.995082149632797508e-01 8.728334510325822526e-01 -4.980375914685417627e-01 -5.441506929965012063e-01
3.286231854028553112e+00 3.286231854028553112e+00 0.000000000000000000e+00 0.000000000000000000e+00 0.000000000000000000e+00 0.000000000000000000e+00 0.000000000000000000e+00 -3.000000000000000000e+00 -3.000000000000000000e+00
2.508080603644909257e+00 2.706711644908609049e+00 2.279285608546339326e+00 4.240708271748526714e-01 4.734992189435979770e-01 5.048977836875729874e-01 -3.752187519781148839e-01 -1.506226080272762724e+00 -1.628768040389161342e-02
2.985201858364571859e+00 2.729260177875134641e+00 2.440226294693649489e+00 5.569716761534184712e-01 3.460235371194912424e-01 0.000000000000000000e+00 4.225542017075056278e-01 -2.000000000000000000e+00 1.524039324650326321e+00
2.985201858364571859e+00 2.985201858364571859e+00 1.924504018010960049e+00 0.000000000000000000e+00 0.000000000000000000e+00 0.000000000000000000e+00 0.000000000000000000e+00 -3.000000000000000000e+00 -3.000000000000000000e+00
2.985201858364571859e+00 2.334686860532581232e+00 2.301175561922810253e+00 4.845500650402811971e-02 5.886136137654154332e-01 0.000000000000000000e+00 5.497569846548331363e-01 -2.000000000000000000e+00 -8.811451724566672361e-01
3.286231854028553112e+00 2.286231854028553112e+00 2.225172640095947951e+00 0.000000000000000000e+00 5.541301266310297846e-01 0.000000000000000000e+00 6.943116773731187186e-01 -3.000000000000000000e+00 -6.119259420159068874e-01
3.286231854028553112e+00 2.441133814014296188e+00 2.518645100122308467e+00 0.000000000000000000e+00 3.877314537176844156e-01 0.000000000000000000e+00 1.012411740783673908e+00 -3.000000000000000000e+00 -1.359726035694364121e-01
2.985201858364571859e+00 2.658595601476899883e+00 2.283531835685448819e+00 1.505149978319906268e-01 2.415738753953384499e-01 0.000000000000000000e+00 3.144728604070625155e-01 -2.000000000000000000e+00 -1.859396963586580798e+00
2.286231854028553112e+00 2.711066998116982596e+00 2.365804167471845076e+00 3.299242185222600598e-01 4.056565308921625257e-01 8.573741216806947119e-01 2.164212880686844920e-01 -8.871511818705450914e-01 8.577932224513893367e-01
2.441133814014296188e+00 2.874037394024051117e+00 2.052694055989226829e+00 1.340274391788722763e-01 4.740495936321860171e-01 -5.024433547560781532e-01 -5.203766093458190856e-01 -1.571059534344660502e+00 -1.531664914235143060e+00
2.244839168870327750e+00 2.683313230901815505e+00 2.231206438855136032e+00 1.804545241008124745e-01 4.686250384907506006e-01 -4.005196485600878015e-02 -2.631201098532171545e-01 -1.421801554656991762e+00 -5.239281646966871264e-01
3.286231854028553112e+00 2.684171862700590605e+00 3.085545190252565462e+00 0.000000000000000000e+00 2.838138016994108948e-01 0.000000000000000000e+00 -7.071067811865457964e-01 -3.000000000000000000e+00 -1.500000000000001776e+00
3.286231854028553112e+00 2.684171862700590605e+00 3.085545190252565462e+00 0.000000000000000000e+00 2.838138016994108948e-01 0.000000000000000000e+00 -7.071067811865457964e-01 -3.000000000000000000e+00 -1.500000000000001776e+00
2.587261849692534366e+00 2.363286148983694712e+00 2.446818141235299393e+00 4.783948731504304996e-01 4.131585903851816011e-01 1.247923969705813318e+00 2.688531546059643729e-01 -8.212763300689651658e-02 -2.339005009563117632e-01
3.286231854028553112e+00 3.286231854028553112e+00 0.000000000000000000e+00 0.000000000000000000e+00 0.000000000000000000e+00 0.000000000000000000e+00 0.000000000000000000e+00 -3.000000000000000000e+00 -3.000000000000000000e+00
1.924504018010960049e+00 2.930341117402355255e+00 2.516057554148651398e+00 3.693597788838198781e-01 4.348818618750354137e-01 -4.728714144006883058e-01 1.538389615106912356e-01 -1.300470514331988348e+00 -1.031676020400740468e+00
3.286231854028553112e+00 2.508080603644909257e+00 2.567220836076692159e+00 0.000000000000000000e+00 6.436787785720238242e-01 0.000000000000000000e+00 -6.368148838994906746e-02 -3.000000000000000000e+00 -1.569229373582667231e+00
2.587261849692534366e+00 2.490650568501129758e+00 2.401626239329725188e+00 3.482941777637144631e-01 2.878257495782408082e-01 -1.860703208567175138e-01 -4.961279815376461455e-01 -9.440046617987758459e-01 2.825938429615519887e-01
2.684171862700590605e+00 2.476845919492834724e+00 2.499884095216371005e+00 1.357603853859702392e-01 3.784833220387065489e-01 5.075396448688520579e-01 -7.832241658985544808e-02 -1.258758786348300296e+00 -1.640816690680781953e-01
2.508080603644909257e+00 2.676786346381077930e+00 2.304542998472400406e+00 2.010783077696555454e-01 2.891723192726228797e-01 2.312575691885110085e-01 1.162655818510268890e+00 -1.535489897753492317e+00 2.522578343306500770e-01
3.286231854028553112e+00 2.441133814014296188e+00 2.424717461114049843e+00 0.000000000000000000e+00 3.961727226310350347e-01 0.000000000000000000e+00 -6.439026464100690017e-01 -3.000000000000000000e+00 -1.671308498500683193e-01
2.508080603644909257e+00 2.296740550702184525e+00 2.406823819643946205e+00 2.800979883234158696e-01 4.300775636934897617e-01 6.203049724833475942e-01 2.617136082770865277e-02 -6.379783468712965089e-01 4.234068834725057684e-02
2.508080603644909257e+00 3.085545190252565462e+00 2.542999772735348163e+00 2.838138016994108392e-01 1.694122060121679707e-01 -7.071067811865459074e-01 -6.100363438779506930e-01 -1.500000000000001332e+00 -1.477504597993251068e+00
2.985201858364571859e+00 2.412137840525452770e+00 2.451795018332482812e+00 2.720340221751378351e-01 4.198077173059339140e-01 0.000000000000000000e+00 4.024141108427672364e-01 -2.000000000000000000e+00 -3.046596313014893198e-02
2.985201858364571859e+00 2.596126233172749931e+00 2.474912197120686219e+00 2.129843661361405793e-01 4.938438127287618218e-01 0.000000000000000000e+00 -6.939520838713891804e-01 -2.000000000000000000e+00 -3.763405923345630733e-01
2.985201858364571859e+00 2.786231854028553112e+00 2.609468780832466805e+00 1.989700043360187465e-01 5.606487693396784433e-01 0.000000000000000000e+00 3.174144749034436552e-01 -2.000000000000000000e+00 -1.771738532155982204e+00
2.508080603644909257e+00 2.257604929572063934e+00 2.439095633420213627e+00 1.712937244956379834e-01 4.885850830387639676e-01 2.544472888202760075e-01 -2.752424181202358100e-01 -1.503188434392647599e+00 1.238951821298450717e-01
2.030959348925247099e+00 2.685903690540687005e+00 2.634004175528529057e+00 2.457918982666409957e-01 5.144016406797221608e-01 -1.083429925691851814e+00 -3.223199716623368349e-01 6.587761509434715279e-01 -3.990649681876892174e-01
2.809110599308890510e+00 2.492828106791350695e+00 2.420088800736599488e+00 8.402666570823270897e-02 4.736375572828199765e-01 -2.662986129110142541e-01 -3.612715732736476726e-01 -1.500000000000004219e+00 -7.765850142059189665e-01
2.684171862700590605e+00 2.742209039264632775e+00 2.200547278561671316e+00 1.669869695388496167e-01 2.983049637478015215e-01 3.869392795961900111e-01 4.673579006469778807e-02 -1.501957281261108612e+00 -1.045192216266954022e+00
3.286231854028553112e+00 2.809110599308890510e+00 2.397156228836731184e+00 0.000000000000000000e+00 2.870156338638594207e-01 0.000000000000000000e+00 0.000000000000000000e+00 -3.000000000000000000e+00 -2.000000000000000000e+00
2.383141867036609352e+00 2.651756559825199755e+00 2.353230339587684128e+00 1.630059067536380468e-01 2.174659901197266709e-01 -1.828838990626800998e-01 -2.523484431393713256e-01 -1.790449315697785648e+00 -5.423823419300779491e-01
3.286231854028553112e+00 3.286231854028553112e+00 0.000000000000000000e+00 0.000000000000000000e+00 0.000000000000000000e+00 0.000000000000000000e+00 0.000000000000000000e+00 -3.000000000000000000e+00 -3.000000000000000000e+00
2.809110599308890510e+00 2.373834306460306909e+00 2.431846373158107699e+00 3.080671483058345372e-01 3.673705713971525677e-01 7.013228312028011446e-01 1.958400934010692540e-01 -1.499999999999998002e+00 1.528778107030648314e-01
2.985201858364571859e+00 3.286231854028553112e+00 0.000000000000000000e+00 0.000000000000000000e+00 0.000000000000000000e+00 0.000000000000000000e+00 0.000000000000000000e+00 -3.000000000000000000e+00 -3.000000000000000000e+00
2.140103818350314935e+00 2.623380258579785185e+00 2.472236189691350727e+00 2.304216392520077594e-01 5.510441686626624813e-01 1.471698752820459033e+00 -2.427227415222677487e-01 2.280151422792656923e+00 -6.222638258102022313e-01
2.587261849692534366e+00 2.388521710728464420e+00 2.108578280897969393e+00 1.211631186329150678e-01 4.121388554371369639e-01 4.451121556281958935e-01 -5.640308396002109426e-01 -1.048036251715845024e+00 -8.130961554367308608e-01
3.286231854028553112e+00 1.943809173206346719e+00 2.320192448871351232e+00 0.000000000000000000e+00 3.114656391166856220e-01 0.000000000000000000e+00 -5.277111908177207766e-01 -3.000000000000000000e+00 -4.748239617456118111e-01
2.985201858364571859e+00 3.047671226668721811e+00 3.286231854028553112e+00 2.385606273598313010e-01 0.000000000000000000e+00 0.000000000000000000e+00 0.000000000000000000e+00 -2.000000000000000000e+00 -3.000000000000000000e+00
3.286231854028553112e+00 2.207050607980928003e+00 2.955733331590833846e+00 0.000000000000000000e+00 5.011808357886731180e-01 0.000000000000000000e+00 -1.113566043023553442e+00 -3.000000000000000000e+00 -4.895611334550906690e-01
1.985201858364571637e+00 2.429525399057196999e+00 2.566043516724760387e+00 1.418705645706871410e-01 5.427745689037791754e-01 -4.851837193573163010e-01 -1.287496212558073838e-01 -1.226080524813634387e+00 -1.157126579002841993e+00
2.383141867036609352e+00 2.438631005546437969e+00 2.186247209621143828e+00 1.352128203761074066e-01 4.046059224280471600e-01 3.589611008639070899e-01 -5.360084693232276543e-01 -7.254143534066375132e-01 -3.598539303028638336e-01
1.729929353261265845e+00 2.813128388032007710e+00 2.385676852318896479e+00 2.902368836671639918e-01 3.657187343996173845e-01 -1.151979734700889768e+00 4.679684581455476056e-01 1.732530579975216867e+00 6.331346475392551909e-02
2.684171862700590605e+00 2.138755618653737756e+00 2.525292976511527065e+00 7.495190891845460168e-02 4.450823565229612422e-01 2.841467053587088953e-01 -2.734327565780558800e-01 -1.529755254582401802e+00 3.137581749100211148e-01
3.286231854028553112e+00 2.441133814014296188e+00 3.119565187361886149e+00 0.000000000000000000e+00 2.622058537943944279e-01 0.000000000000000000e+00 -1.245654997160232647e+00 -3.000000000000000000e+00 -4.883719807004016644e-02
2.809110599308890510e+00 2.073202563667307263e+00 2.420408892564687164e+00 1.829898876713278721e-01 3.410574720116604786e-01 7.071067811865475727e-01 2.097408566831090448e-01 -1.500000000000000000e+00 8.732766701976522050e-01
2.110140594972871764e+00 2.654124386474324027e+00 2.160602785146738647e+00 2.076509166438040843e-01 4.215975104592402656e-01 -8.563065500488388215e-01 -5.043276017022128022e-01 -8.822019180367068891e-01 -9.846013601336949250e-01
3.286231854028553112e+00 2.140103818350314935e+00 2.378948248615488481e+00 0.000000000000000000e+00 3.534137229947840186e-01 0.000000000000000000e+00 -2.996614690554535443e-01 -3.000000000000000000e+00 -6.101650472145694337e-01
2.684171862700590605e+00 2.909944359448576545e+00 2.725818108236690573e+00 1.303498117730635952e-01 1.969974284971864331e-01 -1.154700538379251684e+00 3.076594009672513064e-01 -6.666666666666660745e-01 -1.500000000000000000e+00
3.286231854028553112e+00 3.286231854028553112e+00 0.000000000000000000e+00 0.000000000000000000e+00 0.000000000000000000e+00 0.000000000000000000e+00 0.000000000000000000e+00 -3.000000000000000000e+00 -3.000000000000000000e+00
3.286231854028553112e+00 2.441133814014296188e+00 3.119565187361886149e+00 0.000000000000000000e+00 2.622058537943944279e-01 0.000000000000000000e+00 -1.245654997160232647e+00 -3.000000000000000000e+00 -4.883719807004016644e-02
3.286231854028553112e+00 2.441133814014296188e+00 3.119565187361886149e+00 0.000000000000000000e+00 2.622058537943944279e-01 0.000000000000000000e+00 -1.245654997160232647e+00 -3.000000000000000000e+00 -4.883719807004016644e-02
3.286231854028553112e+00 3.286231854028553112e+00 0.000000000000000000e+00 0.000000000000000000e+00 0.000000000000000000e+00 0.000000000000000000e+00 0.000000000000000000e+00 -3.000000000000000000e+00 -3.000000000000000000e+00
2.985201858364571859e+00 2.713167836189434023e+00 3.186378996266264529e+00 2.720340221751378351e-01 2.445885508763130656e-01 0.000000000000000000e+00 -2.041241452319312533e+00 -2.000000000000000000e+00 2.166666666666658969e+00
2.030959348925247099e+00 2.520926665380835097e+00 2.352661495439745121e+00 2.490489154153353590e-01 4.264297329945810899e-01 1.286116388340379002e+00 -3.399478324865488899e-02 2.746503396111632078e+00 1.835468710958725325e-01
2.441133814014296188e+00 2.654433305478341332e+00 2.400970896079896111e+00 1.979113906907063181e-01 3.046618870169483517e-01 3.822683395199525935e-01 3.037143618989656679e-01 -1.348708981641869808e+00 -7.226394742276318617e-01
3.286231854028553112e+00 2.286231854028553112e+00 2.752971792978155641e+00 0.000000000000000000e+00 4.274798182246841716e-01 0.000000000000000000e+00 2.199107488017589818e-01 -3.000000000000000000e+00 -1.728848082510526352e+00
1.985201858364571637e+00 2.713696955526550436e+00 2.774735790560466597e+00 3.801109904082023427e-01 4.367173223079084399e-01 -1.100595414758049340e-01 -1.818403390160722721e-01 -1.136271200719903396e+00 -1.226752648089939335e+00
2.985201858364571859e+00 2.570549971949059653e+00 2.561806643696721508e+00 2.385606273598310789e-01 5.265312496148145671e-01 -2.874858471283327813e-15 -1.062810171633257056e-01 -2.000000000000000000e+00 -1.602678656920142330e+00
3.286231854028553112e+00 2.207050607980928003e+00 2.955733331590833846e+00 0.000000000000000000e+00 5.011808357886731180e-01 0.000000000000000000e+00 -1.113566043023553442e+00 -3.000000000000000000e+00 -4.895611334550906690e-01
3.286231854028553112e+00 3.286231854028553112e+00 0.000000000000000000e+00 0.000000000000000000e+00 0.000000000000000000e+00 0.000000000000000000e+00 0.000000000000000000e+00 -3.000000000000000000e+00 -3.000000000000000000e+00
2.172288501721716170e+00 2.394121558971385344e+00 2.486208440950564480e+00 2.934957796309647371e-01 3.670735250353974188e-01 -1.567192585770193214e-01 1.160350087131934750e-02 -1.280008960839735144e+00 7.102757693382200088e-02
2.587261849692534366e+00 2.469703498397127106e+00 2.706974029183314201e+00 1.222651320227944871e-01 4.610088227609028810e-01 7.263354080107269350e-01 -2.987752510682691320e-01 -7.317733391282468247e-01 -8.334426004578072700e-01
2.684171862700590605e+00 2.476845919492834724e+00 2.434355115315355977e+00 1.357603853859702114e-01 3.152213192778956508e-01 5.075396448688522799e-01 -8.078894317491445154e-01 -1.258758786348299408e+00 -7.747738694324963760e-01
3.286231854028553112e+00 2.441133814014296188e+00 3.119565187361886149e+00 0.000000000000000000e+00 2.622058537943944279e-01 0.000000000000000000e+00 -1.245654997160232424e+00 -3.000000000000000000e+00 -4.883719807004016644e-02
2.508080603644909257e+00 2.698508641130245689e+00 2.784611131368608383e+00 3.073346848333403658e-01 5.037688154212057734e-01 -3.814298444746987982e-01 -3.419307261668358966e-01 -1.446751922833787951e+00 -1.501763475337915210e+00
3.286231854028553112e+00 2.587261849692534366e+00 3.210974355112557799e+00 0.000000000000000000e+00 1.303498117730635952e-01 0.000000000000000000e+00 -1.154700538379251240e+00 -3.000000000000000000e+00 -6.666666666666669627e-01
3.286231854028553112e+00 2.331989344589228352e+00 2.713167836189434023e+00 0.000000000000000000e+00 4.485559484404914032e-01 0.000000000000000000e+00 0.000000000000000000e+00 -3.000000000000000000e+00 -1.600324744879626504e+00
3.286231854028553112e+00 3.286231854028553112e+00 0.000000000000000000e+00 0.000000000000000000e+00 0.000000000000000000e+00 0.000000000000000000e+00 0.000000000000000000e+00 -3.000000000000000000e+00 -3.000000000000000000e+00
2.985201858364571859e+00 2.615020513617449804e+00 2.379331894866217212e+00 6.712113404111031967e-01 2.708971046778080316e-01 5.507108493340734761e-16 -8.766700478771086713e-01 -2.000000000000000000e+00 2.253184856318908302e-01
2.684171862700590605e+00 2.647156228836731184e+00 2.191469180047186605e+00 1.123929951564394264e-01 5.238597381722589486e-01 2.454250388573762931e-01 -6.655507687447351772e-01 -1.312937761703288464e+00 -1.278245281792114829e+00
3.286231854028553112e+00 2.331989344589228352e+00 2.713167836189434023e+00 0.000000000000000000e+00 4.485559484404914032e-01 0.000000000000000000e+00 0.000000000000000000e+00 -3.000000000000000000e+00 -1.600324744879626504e+00
2.207050607980928003e+00 2.778025157458305472e+00 2.423719234116174626e+00 5.331745251993000867e-01 3.596303929289906831e-01 -5.067128959770694774e-01 6.505220857460296269e-02 -1.372677087479116542e+00 1.588196293181911578e-01
2.082111871372628098e+00 2.493742950605652098e+00 2.499356263603911277e+00 3.432817966956011602e-01 3.701577136090517528e-01 1.160390514579069832e+00 -4.609190679573448302e-01 1.090993234646279397e+00 1.196962529563526445e+00
3.286231854028553112e+00 2.207050607980928003e+00 2.955733331590833846e+00 0.000000000000000000e+00 5.011808357886731180e-01 0.000000000000000000e+00 -1.113566043023553442e+00 -3.000000000000000000e+00 -4.895611334550906690e-01
3.286231854028553112e+00 2.207050607980928003e+00 2.955733331590833846e+00 0.000000000000000000e+00 5.011808357886731180e-01 0.000000000000000000e+00 -1.113566043023553442e+00 -3.000000000000000000e+00 -4.895611334550906690e-01
3.286231854028553112e+00 2.286231854028553112e+00 2.752971792978155641e+00 0.000000000000000000e+00 4.274798182246841716e-01 0.000000000000000000e+00 2.199107488017589818e-01 -3.000000000000000000e+00 -1.728848082510526352e+00
2.244839168870327750e+00 2.691379797965951060e+00 2.592752418349302257e+00 2.973170628996173459e-01 3.956286721438197485e-01 -3.545576285441466302e-01 2.727115838445138274e-01 -1.348167647690533322e+00 -5.158509016168917327e-01
3.286231854028553112e+00 2.809110599308890510e+00 3.135716856196562485e+00 0.000000000000000000e+00 1.505149978319906268e-01 0.000000000000000000e+00 0.000000000000000000e+00 -3.000000000000000000e+00 -2.000000000000000000e+00
2.985201858364571859e+00 2.809110599308890510e+00 2.182818916012628119e+00 0.000000000000000000e+00 2.583148980016680696e-01 0.000000000000000000e+00 0.000000000000000000e+00 -3.000000000000000000e+00 -2.000000000000000000e+00
2.985201858364571859e+00 2.834686860532581232e+00 2.759637321822949740e+00 1.505149978319906268e-01 5.458706886533868374e-01 0.000000000000000000e+00 -5.492720971008743236e-01 -2.000000000000000000e+00 -1.499999999999999556e+00
3.286231854028553112e+00 2.508080603644909257e+00 2.320603032567795765e+00 0.000000000000000000e+00 4.908556366854331388e-01 0.000000000000000000e+00 1.385606710763670035e+00 -3.000000000000000000e+00 8.031035954860943349e-02
2.985201858364571859e+00 3.135716856196562485e+00 2.286231854028553112e+00 1.505149978319906268e-01 0.000000000000000000e+00 0.000000000000000000e+00 0.000000000000000000e+00 -2.000000000000000000e+00 -3.000000000000000000e+00
3.286231854028553112e+00 2.207050607980928003e+00 2.230414498153974634e+00 0.000000000000000000e+00 5.338532853606060558e-01 0.000000000000000000e+00 6.249893641496300223e-01 -3.000000000000000000e+00 -6.783363511308979632e-01
2.508080603644909257e+00 2.342817518064391979e+00 2.444748463135817396e+00 2.481234958116304845e-01 4.450881039295876973e-01 -1.551251760060632368e-01 2.388150197693340512e-02 -1.093650601159368296e+00 -4.355225609810968734e-01
2.985201858364571859e+00 2.897156228836731184e+00 2.834686860532581232e+00 8.804562952784067420e-02 1.505149978319906268e-01 0.000000000000000000e+00 0.000000000000000000e+00 -2.000000000000000000e+00 -2.000000000000000000e+00
2.055782932650279005e+00 2.474647392036626314e+00 2.508019827219820197e+00 3.200124483378649631e-01 3.959599554291323154e-01 4.588354642665536942e-01 -1.326937182452682107e-01 5.951440288560339020e-01 5.384936381755038859e-01
3.286231854028553112e+00 2.587261849692534366e+00 2.625368684907006145e+00 0.000000000000000000e+00 5.293477872350174085e-01 0.000000000000000000e+00 2.994355478942838794e-02 -3.000000000000000000e+00 -1.737785055066566775e+00
3.286231854028553112e+00 3.286231854028553112e+00 0.000000000000000000e+00 0.000000000000000000e+00 0.000000000000000000e+00 0.000000000000000000e+00 0.000000000000000000e+00 -3.000000000000000000e+00 -3.000000000000000000e+00
3.286231854028553112e+00 2.809110599308890510e+00 3.135716856196562485e+00 0.000000000000000000e+00 1.505149978319906268e-01 0.000000000000000000e+00 0.000000000000000000e+00 -3.000000000000000000e+00 -2.000000000000000000e+00
2.207050607980928003e+00 2.692206854856795228e+00 2.301179880673593914e+00 2.469151315393199597e-01 4.055214678845435738e-01 -5.157667665216326691e-01 -1.076607152379118193e-01 -8.206653667353274173e-01 -1.005213160687603580e+00
2.508080603644909257e+00 2.976676437956674803e+00 2.546641231004740824e+00 3.181950680460096104e-01 3.105819827954044432e-01 -1.079244877386617896e+00 1.084254449551617983e+00 1.070558375027941267e-01 6.134738605832650293e-01
2.508080603644909257e+00 2.396877958088126981e+00 2.410029014681464687e+00 4.479265083082694110e-01 3.444470079941241991e-01 3.526596304898100276e-01 -8.285581501598089649e-02 -1.618422759452189386e+00 2.356124916613078213e-02
3.286231854028553112e+00 2.587261849692534366e+00 2.334754740260003736e+00 0.000000000000000000e+00 4.787601683792593321e-01 0.000000000000000000e+00 -2.983543689983066821e-02 -3.000000000000000000e+00 -1.230552267824666535e+00
2.286231854028553112e+00 2.622541480300965233e+00 2.534103921296437800e+00 4.144192107803777447e-01 3.735393092178890817e-01 5.259274764018888604e-01 1.787556767379811784e-01 -1.242958664768910149e+00 1.268432117225795075e-01
3.286231854028553112e+00 2.244839168870327750e+00 2.225824808324329496e+00 0.000000000000000000e+00 4.386104893187013354e-01 0.000000000000000000e+00 1.496530218459975359e+00 -3.000000000000000000e+00 8.305957299200446009e-01
3.286231854028553112e+00 2.244839168870327750e+00 2.225824808324329496e+00 0.000000000000000000e+00 4.386104893187013354e-01 0.000000000000000000e+00 1.496530218459975359e+00 -3.000000000000000000e+00 8.305957299200446009e-01
2.985201858364571859e+00 2.684171862700590605e+00 2.884858526476577811e+00 0.000000000000000000e+00 1.419069008497054196e-01 0.000000000000000000e+00 -7.071067811865413555e-01 -3.000000000000000000e+00 -1.500000000000005773e+00
2.508080603644909257e+00 2.421645067222475856e+00 2.116496405502732436e+00 1.331147430772607609e-01 4.204156571527122299e-01 7.247208554016890125e-02 -5.260776689868444933e-01 -1.502845221285320720e+00 -8.562614461650754905e-01
2.587261849692534366e+00 2.392314573523012022e+00 2.465078086623604836e+00 2.460819259450361396e-01 3.448572178914446340e-01 6.313636253945642540e-01 -2.905449716420703543e-02 -9.950706688627257712e-01 3.755924623572766130e-01
2.684171862700590605e+00 2.666951540348637462e+00 2.410913277768529372e+00 9.111343361450699452e-02 4.439883312575677032e-01 6.167091451884297859e-01 -2.913109117421956440e-01 -1.225574729527690421e+00 -1.058915806363534662e+00
3.286231854028553112e+00 2.508080603644909257e+00 2.857006246892905388e+00 0.000000000000000000e+00 5.277189337256775747e-01 0.000000000000000000e+00 -4.316263441229019060e-01 -3.000000000000000000e+00 -1.782529291412172201e+00
2.587261849692534366e+00 2.381836959631074446e+00 2.492709247209270007e+00 3.245788639996610714e-01 3.501904638090790889e-01 4.296798515131065865e-02 -3.438700446087021578e-02 -1.523846953066275933e+00 4.861509249057016646e-02
3.286231854028553112e+00 2.684171862700590605e+00 2.659293989934955693e+00 0.000000000000000000e+00 4.609033276172690430e-01 0.000000000000000000e+00 -7.071067811865456854e-01 -3.000000000000000000e+00 -1.500000000000001776e+00
3.286231854028553112e+00 2.809110599308890510e+00 2.508080603644909701e+00 0.000000000000000000e+00 1.760912590556811264e-01 0.000000000000000000e+00 -3.732971948212386794e-15 -3.000000000000000000e+00 -2.000000000000000000e+00
2.809110599308890510e+00 2.894201434343325996e+00 2.273185691902773087e+00 2.916277357585827512e-01 1.788449049309525918e-01 4.128278391789241275e-01 2.633719420920147547e-01 -1.500000000000000222e+00 -1.392955147351143230e+00
2.684171862700590605e+00 2.476845919492834724e+00 2.434355115315355977e+00 1.357603853859702114e-01 3.152213192778956508e-01 5.075396448688522799e-01 -8.078894317491445154e-01 -1.258758786348299408e+00 -7.747738694324963760e-01
3.286231854028553112e+00 3.286231854028553112e+00 0.000000000000000000e+00 0.000000000000000000e+00 0.000000000000000000e+00 0.000000000000000000e+00 0.000000000000000000e+00 -3.000000000000000000e+00 -3.000000000000000000e+00
2.985201858364571859e+00 2.514197831853415277e+00 2.535103969082606490e+00 7.306401783911908865e-02 4.799295617966383154e-01 0.000000000000000000e+00 1.492034631840575276e-01 -2.000000000000000000e+00 -4.712091728131300172e-01
3.286231854028553112e+00 2.207050607980928003e+00 2.230414498153974634e+00 0.000000000000000000e+00 5.338532853606060558e-01 0.000000000000000000e+00 6.249893641496300223e-01 -3.000000000000000000e+00 -6.783363511308979632e-01
2.244839168870327750e+00 2.748782258484175234e+00 2.286164042116576756e+00 1.371186260721857508e-01 3.992820022423739235e-01 -6.819704623868780846e-01 8.820393018962553733e-02 3.116600218005176615e-01 -3.580336051992771829e-02
3.286231854028553112e+00 2.331989344589228352e+00 2.713167836189434023e+00 0.000000000000000000e+00 4.485559484404914032e-01 0.000000000000000000e+00 0.000000000000000000e+00 -3.000000000000000000e+00 -1.600324744879626504e+00
2.383141867036609352e+00 2.807568882424675394e+00 2.370636098330865860e+00 3.281717908777016524e-01 3.562264374303166226e-01 3.016974831544416147e-01 3.595159283769286951e-01 -1.230296024675149980e+00 2.895241443349219068e-01
2.383141867036609352e+00 2.339232931836134899e+00 2.444128416104318635e+00 1.759784384723459549e-01 3.582131759632607437e-01 -1.337758132008782130e+00 -5.677810947468783231e-01 4.368775801716382468e-01 1.111797280657351727e+00
2.684171862700590605e+00 2.138755618653737756e+00 2.525292976511527065e+00 7.495190891845460168e-02 4.450823565229612422e-01 2.841467053587088953e-01 -2.734327565780558800e-01 -1.529755254582401802e+00 3.137581749100211148e-01
2.587261849692534366e+00 2.314678539246435740e+00 2.493158003964816238e+00 3.066472772292039295e-01 3.314823622603085274e-01 4.777987725997554502e-01 -1.233103091923887368e-01 -1.158371044670189809e+00 3.971605665441684252e-01
2.985201858364571859e+00 3.286231854028553112e+00 0.000000000000000000e+00 0.000000000000000000e+00 0.000000000000000000e+00 0.000000000000000000e+00 0.000000000000000000e+00 -3.000000000000000000e+00 -3.000000000000000000e+00
3.286231854028553112e+00 3.286231854028553112e+00 0.000000000000000000e+00 0.000000000000000000e+00 0.000000000000000000e+00 0.000000000000000000e+00 0.000000000000000000e+00 -3.000000000000000000e+00 -3.000000000000000000e+00
2.508080603644909257e+00 2.391719768694944737e+00 2.441697599252230955e+00 2.266212670451830669e-01 2.753886888195897220e-01 -9.056753843688502004e-01 -7.949244202449894381e-01 1.876066075053639537e-02 6.539777143709075702e-01
2.684171862700590605e+00 2.647156228836731184e+00 2.191469180047186605e+00 1.123929951564394264e-01 5.238597381722589486e-01 2.454250388573762931e-01 -6.655507687447351772e-01 -1.312937761703288464e+00 -1.278245281792114829e+00
2.684171862700590605e+00 2.985201858364571859e+00 2.985201858364571859e+00 3.010299956639812535e-01 0.000000000000000000e+00 0.000000000000000000e+00 0.000000000000000000e+00 -2.000000000000000000e+00 -3.000000000000000000e+00
1.673447997308817436e+00 2.643216733273466179e+00 2.566426517262987428e+00 3.670545439780463770e-01 4.086332112165180774e-01 2.806189594377504481e-01 2.785145569147865485e-01 -5.518346573224981455e-01 -4.664822953686895701e-01
2.985201858364571859e+00 2.985201858364571859e+00 2.985201858364571859e+00 0.000000000000000000e+00 0.000000000000000000e+00 0.000000000000000000e+00 0.000000000000000000e+00 -3.000000000000000000e+00 -3.000000000000000000e+00
2.985201858364571859e+00 2.746641231004740558e+00 2.816028455958355270e+00 6.246936830414995256e-02 4.827224736589586507e-01 0.000000000000000000e+00 -9.222412342349292080e-01 -2.000000000000000000e+00 -7.996142435919346703e-01
2.985201858364571859e+00 2.570549971949059653e+00 2.699905279661975133e+00 2.385606273598310789e-01 4.933822770683463643e-01 -2.874858471283327813e-15 -5.525246942376686038e-02 -2.000000000000000000e+00 -1.644770654030053958e+00
3.286231854028553112e+00 3.286231854028553112e+00 0.000000000000000000e+00 0.000000000000000000e+00 0.000000000000000000e+00 0.000000000000000000e+00 0.000000000000000000e+00 -3.000000000000000000e+00 -3.000000000000000000e+00
2.331989344589228352e+00 2.641476178299321464e+00 2.527208798699063674e+00 2.794026294067541993e-01 6.027324519953710658e-01 1.712170358526578229e-01 -3.225437249366431280e-01 -1.699964411670886966e+00 -1.022477705714702312e+00
3.286231854028553112e+00 2.508080603644909257e+00 2.857006246892905388e+00 0.000000000000000000e+00 5.277189337256775747e-01 0.000000000000000000e+00 -4.316263441229019060e-01 -3.000000000000000000e+00 -1.782529291412172201e+00
2.587261849692534366e+00 2.168250865728700738e+00 2.529697977102802309e+00 8.929786851022103455e-02 4.461521428486365792e-01 8.369138092178530358e-03 -2.991605537101115764e-01 -1.605948305404074183e+00 2.940333003093074105e-01
2.809110599308890510e+00 2.725818108236690573e+00 2.464763288281070608e+00 2.527479476886224652e-01 2.761384438057145063e-01 -4.585320500093637008e-01 -8.606670274533249065e-01 -1.500000000000000222e+00 -8.896345605001512169e-01
2.441133814014296188e+00 2.759569529848225233e+00 2.222532371540137053e+00 8.250223604629813856e-02 8.733425735688114810e-02 -1.255804370624896471e+00 1.002925184622057486e+00 -8.943140427697482409e-02 -5.090411670256655974e-01
2.331989344589228352e+00 2.689130527747224608e+00 2.322362086594613295e+00 3.457179468914493015e-01 3.501902284553307654e-01 -5.074612073901523246e-01 4.368831680658764594e-01 4.796740545868227734e-01 5.334878772063231800e-01
2.985201858364571859e+00 2.786231854028553112e+00 2.853133414072810847e+00 1.989700043360187465e-01 7.624975186330330834e-02 0.000000000000000000e+00 1.154700538379251684e+00 -2.000000000000000000e+00 -6.666666666666647423e-01
3.286231854028553112e+00 2.441133814014296188e+00 3.119565187361886149e+00 0.000000000000000000e+00 2.622058537943944279e-01 0.000000000000000000e+00 -1.245654997160232424e+00 -3.000000000000000000e+00 -4.883719807004016644e-02
2.985201858364571859e+00 2.658595601476900327e+00 2.042797737270367620e+00 3.266062568876717531e-01 3.400504487074231807e-01 -1.991667084485978245e-15 1.009532019644400480e-01 -2.000000000000000000e+00 -4.558566077594341515e-01
2.985201858364571859e+00 2.625122206661593349e+00 2.230735741562380969e+00 1.839883926472971609e-01 5.033149205981128915e-01 0.000000000000000000e+00 4.245796104063292303e-02 -2.000000000000000000e+00 -1.067631514132475701e+00
3.286231854028553112e+00 2.207050607980928003e+00 2.955733331590833846e+00 0.000000000000000000e+00 5.011808357886731180e-01 0.000000000000000000e+00 -1.113566043023553442e+00 -3.000000000000000000e+00 -4.895611334550906690e-01
2.684171862700590605e+00 2.759429361616585918e+00 2.481680122885924877e+00 1.303498117730635952e-01 6.999401711737424092e-01 1.154700538379251240e+00 -2.933747253027361168e-01 -6.666666666666669627e-01 -1.267668175578473777e+00
2.684171862700590605e+00 2.613682834021424650e+00 2.309052117083121303e+00 2.226380372222098170e-01 2.191477309454838707e-01 9.284978044367087069e-01 -1.055305345499925884e-01 -8.810518787910113225e-01 -7.339267120891488361e-01
2.985201858364571859e+00 2.570549971949059653e+00 2.561806643696721508e+00 2.385606273598310789e-01 5.265312496148145671e-01 -2.874858471283327813e-15 -1.062810171633257056e-01 -2.000000000000000000e+00 -1.602678656920142330e+00
2.587261849692534366e+00 2.619341103798366710e+00 2.720413157857717312e+00 1.997841942342192811e-01 4.500219856648607353e-01 -6.119552271841439683e-01 1.679006543433737286e-01 -1.107192106127613318e+00 -1.694610561980782526e+00
2.441133814014296188e+00 2.558860908198544504e+00 2.377590542479400604e+00 1.327145175299991042e-01 5.984131409937798463e-01 7.722831498862873234e-01 -1.101367320325925825e-01 -8.116975479775514479e-01 -7.262964869999888329e-01
2.587261849692534366e+00 2.168250865728700738e+00 2.529697977102802309e+00 8.929786851022103455e-02 4.461521428486365792e-01 8.369138092178530358e-03 -2.991605537101115764e-01 -1.605948305404074183e+00 2.940333003093074105e-01
2.286231854028553112e+00 2.836950229703934845e+00 2.370762480154189777e+00 1.725489602204510198e-01 4.294278924222836857e-01 1.618384060449414630e+00 1.444195489608919303e+00 1.835693701852355808e+00 5.644023764070618121e-01
2.055782932650279005e+00 2.442716276022818267e+00 2.370069964404479368e+00 2.256617542190153536e-01 4.364820397690619136e-01 1.024215923677247080e-03 4.843118022022650099e-02 9.094421339011597993e-01 4.275038386862606288e-02
2.082111871372628098e+00 2.657976280966717120e+00 2.067055362471216018e+00 7.031015599961358553e-02 4.892561646881209980e-01 -2.393765002145988419e+00 2.970273685184641743e-01 3.962354277868303853e+00 -5.192127927542542487e-01
2.809110599308890510e+00 2.560868101009992515e+00 2.438857083167245143e+00 3.732639734871748272e-02 5.137100429120625700e-01 -7.071067811865358044e-01 -5.991568068877920483e-01 -1.500000000000010658e+00 -7.559811706751506932e-01
3.286231854028553112e+00 3.286231854028553112e+00 0.000000000000000000e+00 0.000000000000000000e+00 0.000000000000000000e+00 0.000000000000000000e+00 0.000000000000000000e+00 -3.000000000000000000e+00 -3.000000000000000000e+00
3.286231854028553112e+00 3.286231854028553112e+00 0.000000000000000000e+00 0.000000000000000000e+00 0.000000000000000000e+00 0.000000000000000000e+00 0.000000000000000000e+00 -3.000000000000000000e+00 -3.000000000000000000e+00
1.888291845356515397e+00 2.853634403655617380e+00 2.175412887731373868e+00 1.289911160075119800e-01 2.330573254429730290e-01 -8.072396075491252709e-01 2.304761817964912085e-02 3.463826238487595077e-01 5.679624957584210598e-01
2.809110599308890510e+00 2.560868101009992515e+00 2.438857083167245143e+00 3.732639734871748272e-02 5.137100429120625700e-01 -7.071067811865358044e-01 -5.991568068877920483e-01 -1.500000000000010658e+00 -7.559811706751506932e-01
2.985201858364571859e+00 2.897156228836731184e+00 2.834686860532581232e+00 8.804562952784067420e-02 1.505149978319906268e-01 0.000000000000000000e+00 0.000000000000000000e+00 -2.000000000000000000e+00 -2.000000000000000000e+00
2.441133814014296188e+00 2.535478639013795110e+00 2.476059688570701578e+00 2.079032443070088776e-01 5.713452474528427638e-01 1.073086948591300965e-01 -2.981084355595151614e-01 -1.510171140097527065e+00 -8.628230446128193343e-01
2.331989344589228352e+00 2.725069954607916234e+00 2.413664968976844794e+00 3.352062047816571355e-01 5.253935905920172900e-01 -1.492818051879364616e-01 3.362671260641014181e-01 -8.781960863289093311e-01 -8.472032034980467863e-01
2.684171862700590605e+00 2.637910337273438710e+00 2.480635088379508080e+00 2.237149579088039686e-01 4.259724050146649899e-01 5.972264417077717269e-01 9.028242215574018292e-01 -1.248359401691430559e+00 -2.929658066345730560e-01
2.809110599308890510e+00 2.312857411931644958e+00 2.319824324243096481e+00 2.651273557841738460e-01 3.066041002915835256e-01 6.462503992283864518e-01 -2.445162920775219573e-01 -1.500000000000000000e+00 -1.300381828405083873e-01
2.331989344589228352e+00 2.521143487638460634e+00 2.442376620879303406e+00 4.118119731408473316e-01 3.741666497645914080e-01 4.398801498434790624e-01 -4.207600393028909092e-01 -8.997653525719457868e-01 6.085777988814817796e-01
2.383141867036609352e+00 2.787773570912768673e+00 2.234130760935674420e+00 1.073502077788037051e-01 1.090457976867416495e-01 -1.444532193393086028e-01 1.167156526634676839e+00 6.085879152458240071e-02 -2.508670690460554908e-01
2.244839168870327750e+00 2.635332897262411489e+00 1.994788424825620909e+00 1.122153431592328443e-01 3.831781792645179707e-01 -6.848561618420021535e-01 2.446966486949646580e-01 -6.731235132457791259e-01 -2.470065319999843467e-01
2.985201858364571859e+00 2.834686860532581232e+00 2.640149047936670268e+00 1.505149978319906268e-01 7.624975186330330834e-02 0.000000000000000000e+00 -1.154700538379251684e+00 -2.000000000000000000e+00 -6.666666666666647423e-01
2.587261849692534366e+00 2.676388249494516813e+00 2.318583963348860522e+00 1.781994269615988502e-01 2.823389522310476019e-01 5.557135620353859107e-01 -1.266798590901755395e+00 -5.761610593029713456e-01 6.585138457064756423e-01
2.985201858364571859e+00 2.324092210997612096e+00 2.117077922833427550e+00 1.170416030166840926e-01 5.390260276478714419e-01 0.000000000000000000e+00 8.823682875333769271e-01 -2.000000000000000000e+00 2.134833649605418771e-01
2.587261849692534366e+00 3.045407857497368198e+00 2.219863826918904159e+00 2.252702213833326084e-01 4.077536568806102713e-01 -3.436215967445466757e-01 -1.253257035977181300e+00 -1.153061224489795311e+00 -1.369722321925177511e-01
3.286231854028553112e+00 2.684171862700590605e+00 3.085545190252565462e+00 0.000000000000000000e+00 2.838138016994108948e-01 0.000000000000000000e+00 -7.071067811865457964e-01 -3.000000000000000000e+00 -1.500000000000001776e+00
2.082111871372628098e+00 2.865789331051992406e+00 2.416211680667281758e+00 3.308992115695195690e-01 5.525236403871008894e-01 8.142383181685317051e-02 2.332422611662130288e-02 -1.498250199348084122e+00 -4.818023365420791571e-01
2.587261849692534366e+00 2.168250865728700738e+00 2.529697977102802309e+00 8.929786851022103455e-02 4.461521428486365792e-01 8.369138092178530358e-03 -2.991605537101115764e-01 -1.605948305404074183e+00 2.940333003093074105e-01
2.985201858364571859e+00 2.625122206661593349e+00 2.230735741562380969e+00 1.839883926472971609e-01 5.033149205981128915e-01 0.000000000000000000e+00 4.245796104063292303e-02 -2.000000000000000000e+00 -1.067631514132475701e+00
2.441133814014296188e+00 2.670533916934239915e+00 2.542076966265724991e+00 1.867912569996376115e-01 5.165840703951112278e-01 -8.817437013794510170e-01 3.979179732288003479e-01 -9.604363602817023171e-01 -1.531989854463954748e+00
2.383141867036609352e+00 2.739802189353040429e+00 2.529462729444688307e+00 2.208606839349430695e-01 4.318213335989978807e-01 -1.431537637716274181e-01 9.024958469979089959e-02 -1.562259814562698912e+00 -4.059683372354072617e-01
2.985201858364571859e+00 2.331989344589228352e+00 2.656301614672076816e+00 0.000000000000000000e+00 5.131667635432569652e-01 0.000000000000000000e+00 -1.244771050200043222e-01 -3.000000000000000000e+00 -1.507597352401023549e+00
3.286231854028553112e+00 2.331989344589228352e+00 2.524177894238723852e+00 0.000000000000000000e+00 4.823154432941992309e-01 0.000000000000000000e+00 -2.427313542464448470e-01 -3.000000000000000000e+00 -1.689648995941110954e+00
3.286231854028553112e+00 2.809110599308890510e+00 2.261622842693462143e+00 0.000000000000000000e+00 1.215190243431472084e-01 0.000000000000000000e+00 0.000000000000000000e+00 -3.000000000000000000e+00 -2.000000000000000000e+00
2.985201858364571859e+00 2.334686860532581232e+00 2.734104700869961047e+00 4.845500650402811971e-02 5.190765403045828341e-01 0.000000000000000000e+00 -8.909103641427510434e-01 -2.000000000000000000e+00 2.926860070935926039e-01
1.985201858364571637e+00 2.429525399057196999e+00 2.566043516724760387e+00 1.418705645706871410e-01 5.427745689037791754e-01 -4.851837193573163010e-01 -1.287496212558073838e-01 -1.226080524813634387e+00 -1.157126579002841993e+00
3.286231854028553112e+00 2.508080603644909257e+00 2.802903752560896855e+00 0.000000000000000000e+00 6.133769481710721339e-01 0.000000000000000000e+00 -6.103175530170378282e-01 -3.000000000000000000e+00 -1.400897581340937004e+00
2.809110599308890510e+00 2.485765007101371271e+00 2.251009525999479788e+00 3.155901928431716075e-02 4.263412955003050842e-01 -7.071067811865195951e-01 1.838817711027722901e-01 -1.500000000000026867e+00 -2.699920030185465336e-01
3.286231854028553112e+00 2.508080603644909257e+00 2.802903752560896855e+00 0.000000000000000000e+00 6.133769481710721339e-01 0.000000000000000000e+00 -6.103175530170378282e-01 -3.000000000000000000e+00 -1.400897581340937004e+00
3.286231854028553112e+00 2.508080603644909257e+00 2.802903752560896855e+00 0.000000000000000000e+00 6.133769481710721339e-01 0.000000000000000000e+00 -6.103175530170378282e-01 -3.000000000000000000e+00 -1.400897581340937004e+00
3.286231854028553112e+00 2.508080603644909257e+00 2.802903752560896855e+00 0.000000000000000000e+00 6.133769481710721339e-01 0.000000000000000000e+00 -6.103175530170378282e-01 -3.000000000000000000e+00 -1.400897581340937004e+00
2.110140594972871764e+00 2.817106234855455416e+00 2.280987335740253474e+00 3.167642551906673654e-01 4.474942970895786631e-01 -4.529259198119725376e-03 -2.959134723471954498e-01 -1.050037871967040015e+00 4.373982852789364273e-01
2.587261849692534366e+00 2.168250865728700738e+00 2.529697977102802309e+00 8.929786851022103455e-02 4.461521428486365792e-01 8.369138092178530358e-03 -2.991605537101115764e-01 -1.605948305404074183e+00 2.940333003093074105e-01
2.587261849692534366e+00 2.168250865728700738e+00 2.529697977102802309e+00 8.929786851022103455e-02 4.461521428486365792e-01 8.369138092178530358e-03 -2.991605537101115764e-01 -1.605948305404074183e+00 2.940333003093074105e-01
2.587261849692534366e+00 2.168250865728700738e+00 2.529697977102802309e+00 8.929786851022103455e-02 4.461521428486365792e-01 8.369138092178530358e-03 -2.991605537101115764e-01 -1.605948305404074183e+00 2.940333003093074105e-01
2.587261849692534366e+00 2.168250865728700738e+00 2.529697977102802309e+00 8.929786851022103455e-02 4.461521428486365792e-01 8.369138092178530358e-03 -2.991605537101115764e-01 -1.605948305404074183e+00 2.940333003093074105e-01
3.286231854028553112e+00 2.684171862700590605e+00 2.338487594662549629e+00 0.000000000000000000e+00 6.880936886628885585e-01 0.000000000000000000e+00 5.469264340213637610e-01 -3.000000000000000000e+00 -1.499999999999999334e+00
1.985201858364571637e+00 2.429525399057196999e+00 2.566043516724760387e+00 1.418705645706871410e-01 5.427745689037791754e-01 -4.851837193573163010e-01 -1.287496212558073838e-01 -1.226080524813634387e+00 -1.157126579002841993e+00
2.684171862700590605e+00 2.476845919492834724e+00 2.434355115315355977e+00 1.357603853859702114e-01 3.152213192778956508e-01 5.075396448688522799e-01 -8.078894317491445154e-01 -1.258758786348299408e+00 -7.747738694324963760e-01
2.172288501721716170e+00 2.855037967610285943e+00 2.136453624785012106e+00 2.506853274440619672e-01 3.732106907497509951e-01 2.425918164000878119e-01 1.846069060446226540e-01 -8.256344830446327165e-01 -5.210090959941680033e-01
2.587261849692534366e+00 2.168250865728700738e+00 2.529697977102802309e+00 8.929786851022103455e-02 4.461521428486365792e-01 8.369138092178530358e-03 -2.991605537101115764e-01 -1.605948305404074183e+00 2.940333003093074105e-01
3.286231854028553112e+00 2.207050607980928003e+00 2.955733331590833846e+00 0.000000000000000000e+00 5.011808357886731180e-01 0.000000000000000000e+00 -1.113566043023553442e+00 -3.000000000000000000e+00 -4.895611334550906690e-01
2.441133814014296188e+00 2.835037212300659970e+00 2.075402483650476526e+00 2.508275571011731042e-01 3.812013343736243565e-01 4.074629640199789460e-01 -9.522217592990236401e-01 -9.003719523315809603e-01 -6.247761196499137526e-01
2.286231854028553112e+00 2.730255550740873893e+00 2.273317605236327310e+00 2.208020400915711168e-01 4.813588539401157940e-01 -2.665904200826458847e-01 2.610514364584533634e-02 -1.437062285358163827e+00 1.118464294631382749e-01
1.453722941322316720e+00 2.714507250271434469e+00 2.336786648928621979e+00 2.266036339745911843e-01 3.546448374605953857e-01 -3.639754525277740793e-01 1.276622189152272491e-01 -1.123915296599997449e+00 1.504377918434519401e+00